solid ASCII
  facet normal 4.482323e-01 4.425536e-01 7.766815e-01
    outer loop
      vertex   7.135169e+00 7.000000e+00 -8.000000e+00
      vertex   7.090400e+00 7.045343e+00 -8.000000e+00
      vertex   7.067416e+00 7.000000e+00 -7.960899e+00
    endloop
  endfacet
  facet normal 4.463251e-01 4.438362e-01 7.770478e-01
    outer loop
      vertex   7.067416e+00 7.000000e+00 -7.960899e+00
      vertex   7.090400e+00 7.045343e+00 -8.000000e+00
      vertex   7.000000e+00 7.000000e+00 -7.922176e+00
    endloop
  endfacet
  facet normal 4.453306e-01 4.453306e-01 7.767633e-01
    outer loop
      vertex   7.000000e+00 7.000000e+00 -7.922176e+00
      vertex   7.090400e+00 7.045343e+00 -8.000000e+00
      vertex   7.045343e+00 7.090400e+00 -8.000000e+00
    endloop
  endfacet
  facet normal 4.438362e-01 4.463251e-01 7.770478e-01
    outer loop
      vertex   7.000000e+00 7.000000e+00 -7.922176e+00
      vertex   7.045343e+00 7.090400e+00 -8.000000e+00
      vertex   7.000000e+00 7.067416e+00 -7.960899e+00
    endloop
  endfacet
  facet normal 4.425536e-01 4.482323e-01 7.766815e-01
    outer loop
      vertex   7.000000e+00 7.067416e+00 -7.960899e+00
      vertex   7.045343e+00 7.090400e+00 -8.000000e+00
      vertex   7.000000e+00 7.135169e+00 -8.000000e+00
    endloop
  endfacet
  facet normal -1.000000e+00 -2.634905e-14 -0.000000e+00
    outer loop
      vertex   7.000000e+00 7.000000e+00 -7.922176e+00
      vertex   7.000000e+00 7.067416e+00 -7.960899e+00
      vertex   7.000000e+00 7.000000e+00 -8.000000e+00
    endloop
  endfacet
  facet normal -1.000000e+00 0.000000e+00 -4.543009e-14
    outer loop
      vertex   7.000000e+00 7.000000e+00 -8.000000e+00
      vertex   7.000000e+00 7.067416e+00 -7.960899e+00
      vertex   7.000000e+00 7.135169e+00 -8.000000e+00
    endloop
  endfacet
  facet normal 0.000000e+00 0.000000e+00 -1.000000e+00
    outer loop
      vertex   7.000000e+00 7.135169e+00 -8.000000e+00
      vertex   7.045343e+00 7.090400e+00 -8.000000e+00
      vertex   7.000000e+00 7.000000e+00 -8.000000e+00
    endloop
  endfacet
  facet normal 0.000000e+00 0.000000e+00 -1.000000e+00
    outer loop
      vertex   7.000000e+00 7.000000e+00 -8.000000e+00
      vertex   7.045343e+00 7.090400e+00 -8.000000e+00
      vertex   7.090400e+00 7.045343e+00 -8.000000e+00
    endloop
  endfacet
  facet normal 0.000000e+00 0.000000e+00 -1.000000e+00
    outer loop
      vertex   7.000000e+00 7.000000e+00 -8.000000e+00
      vertex   7.090400e+00 7.045343e+00 -8.000000e+00
      vertex   7.135169e+00 7.000000e+00 -8.000000e+00
    endloop
  endfacet
  facet normal -0.000000e+00 -1.000000e+00 -4.543009e-14
    outer loop
      vertex   7.135169e+00 7.000000e+00 -8.000000e+00
      vertex   7.067416e+00 7.000000e+00 -7.960899e+00
      vertex   7.000000e+00 7.000000e+00 -8.000000e+00
    endloop
  endfacet
  facet normal -2.634905e-14 -1.000000e+00 0.000000e+00
    outer loop
      vertex   7.000000e+00 7.000000e+00 -8.000000e+00
      vertex   7.067416e+00 7.000000e+00 -7.960899e+00
      vertex   7.000000e+00 7.000000e+00 -7.922176e+00
    endloop
  endfacet
endsolid
