solid ASCII
  facet normal -7.002826e-01 -6.940238e-01 1.671381e-01
    outer loop
      vertex   -8.077840e+00 -8.000000e+00 2.099141e+00
      vertex   -8.101502e+00 -8.000000e+00 2.000000e+00
      vertex   -8.045075e+00 -8.045075e+00 2.049252e+00
    endloop
  endfacet
  facet normal -6.995774e-01 -6.951813e-01 1.652709e-01
    outer loop
      vertex   -8.045075e+00 -8.045075e+00 2.049252e+00
      vertex   -8.101502e+00 -8.000000e+00 2.000000e+00
      vertex   -8.050911e+00 -8.050911e+00 2.000000e+00
    endloop
  endfacet
  facet normal -6.951813e-01 -6.995774e-01 1.652709e-01
    outer loop
      vertex   -8.045075e+00 -8.045075e+00 2.049252e+00
      vertex   -8.050911e+00 -8.050911e+00 2.000000e+00
      vertex   -8.000000e+00 -8.101502e+00 2.000000e+00
    endloop
  endfacet
  facet normal -6.940238e-01 -7.002826e-01 1.671381e-01
    outer loop
      vertex   -8.000000e+00 -8.101502e+00 2.000000e+00
      vertex   -8.000000e+00 -8.077840e+00 2.099141e+00
      vertex   -8.045075e+00 -8.045075e+00 2.049252e+00
    endloop
  endfacet
  facet normal -6.951939e-01 -6.986007e-01 1.692999e-01
    outer loop
      vertex   -8.045075e+00 -8.045075e+00 2.049252e+00
      vertex   -8.000000e+00 -8.077840e+00 2.099141e+00
      vertex   -8.039089e+00 -8.039089e+00 2.098534e+00
    endloop
  endfacet
  facet normal -6.986007e-01 -6.951939e-01 1.692999e-01
    outer loop
      vertex   -8.045075e+00 -8.045075e+00 2.049252e+00
      vertex   -8.039089e+00 -8.039089e+00 2.098534e+00
      vertex   -8.077840e+00 -8.000000e+00 2.099141e+00
    endloop
  endfacet
  facet normal -6.980715e-01 -6.947319e-01 1.733314e-01
    outer loop
      vertex   -8.077840e+00 -8.000000e+00 2.099141e+00
      vertex   -8.039089e+00 -8.039089e+00 2.098534e+00
      vertex   -8.032952e+00 -8.032952e+00 2.147843e+00
    endloop
  endfacet
  facet normal -6.991730e-01 -6.930882e-01 1.754589e-01
    outer loop
      vertex   -8.077840e+00 -8.000000e+00 2.099141e+00
      vertex   -8.032952e+00 -8.032952e+00 2.147843e+00
      vertex   -8.053034e+00 -8.000000e+00 2.197989e+00
    endloop
  endfacet
  facet normal -6.970764e-01 -6.947127e-01 1.773660e-01
    outer loop
      vertex   -8.053034e+00 -8.000000e+00 2.197989e+00
      vertex   -8.032952e+00 -8.032952e+00 2.147843e+00
      vertex   -8.026665e+00 -8.026665e+00 2.197179e+00
    endloop
  endfacet
  facet normal -6.964915e-01 -6.942569e-01 1.814029e-01
    outer loop
      vertex   -8.053034e+00 -8.000000e+00 2.197989e+00
      vertex   -8.026665e+00 -8.026665e+00 2.197179e+00
      vertex   -8.020227e+00 -8.020227e+00 2.246540e+00
    endloop
  endfacet
  facet normal -6.942569e-01 -6.964915e-01 1.814029e-01
    outer loop
      vertex   -8.020227e+00 -8.020227e+00 2.246540e+00
      vertex   -8.026665e+00 -8.026665e+00 2.197179e+00
      vertex   -8.000000e+00 -8.053034e+00 2.197989e+00
    endloop
  endfacet
  facet normal -6.915190e-01 -6.985485e-01 1.839335e-01
    outer loop
      vertex   -8.020227e+00 -8.020227e+00 2.246540e+00
      vertex   -8.000000e+00 -8.053034e+00 2.197989e+00
      vertex   -8.000000e+00 -8.027086e+00 2.296533e+00
    endloop
  endfacet
  facet normal -6.947319e-01 -6.980715e-01 1.733314e-01
    outer loop
      vertex   -8.039089e+00 -8.039089e+00 2.098534e+00
      vertex   -8.000000e+00 -8.077840e+00 2.099141e+00
      vertex   -8.032952e+00 -8.032952e+00 2.147843e+00
    endloop
  endfacet
  facet normal -6.930882e-01 -6.991730e-01 1.754589e-01
    outer loop
      vertex   -8.032952e+00 -8.032952e+00 2.147843e+00
      vertex   -8.000000e+00 -8.077840e+00 2.099141e+00
      vertex   -8.000000e+00 -8.053034e+00 2.197989e+00
    endloop
  endfacet
  facet normal -6.947127e-01 -6.970764e-01 1.773660e-01
    outer loop
      vertex   -8.032952e+00 -8.032952e+00 2.147843e+00
      vertex   -8.000000e+00 -8.053034e+00 2.197989e+00
      vertex   -8.026665e+00 -8.026665e+00 2.197179e+00
    endloop
  endfacet
  facet normal -6.942071e-01 -6.954765e-01 1.854426e-01
    outer loop
      vertex   -8.020227e+00 -8.020227e+00 2.246540e+00
      vertex   -8.000000e+00 -8.027086e+00 2.296533e+00
      vertex   -8.013637e+00 -8.013637e+00 2.295925e+00
    endloop
  endfacet
  facet normal -6.935257e-01 -6.945118e-01 1.915084e-01
    outer loop
      vertex   -8.013637e+00 -8.013637e+00 2.295925e+00
      vertex   -8.000000e+00 -8.027086e+00 2.296533e+00
      vertex   -8.000000e+00 -8.000000e+00 2.394762e+00
    endloop
  endfacet
  facet normal -6.945118e-01 -6.935257e-01 1.915084e-01
    outer loop
      vertex   -8.013637e+00 -8.013637e+00 2.295925e+00
      vertex   -8.000000e+00 -8.000000e+00 2.394762e+00
      vertex   -8.027086e+00 -8.000000e+00 2.296533e+00
    endloop
  endfacet
  facet normal -6.954765e-01 -6.942071e-01 1.854426e-01
    outer loop
      vertex   -8.013637e+00 -8.013637e+00 2.295925e+00
      vertex   -8.027086e+00 -8.000000e+00 2.296533e+00
      vertex   -8.020227e+00 -8.020227e+00 2.246540e+00
    endloop
  endfacet
  facet normal -6.985485e-01 -6.915190e-01 1.839335e-01
    outer loop
      vertex   -8.020227e+00 -8.020227e+00 2.246540e+00
      vertex   -8.027086e+00 -8.000000e+00 2.296533e+00
      vertex   -8.053034e+00 -8.000000e+00 2.197989e+00
    endloop
  endfacet
  facet normal 1.000000e+00 -9.837204e-14 0.000000e+00
    outer loop
      vertex   -8.000000e+00 -8.000000e+00 2.394762e+00
      vertex   -8.000000e+00 -8.027086e+00 2.296533e+00
      vertex   -8.000000e+00 -8.000000e+00 2.000000e+00
    endloop
  endfacet
  facet normal 1.000000e+00 5.090472e-14 1.363545e-14
    outer loop
      vertex   -8.000000e+00 -8.000000e+00 2.000000e+00
      vertex   -8.000000e+00 -8.027086e+00 2.296533e+00
      vertex   -8.000000e+00 -8.053034e+00 2.197989e+00
    endloop
  endfacet
  facet normal 1.000000e+00 0.000000e+00 0.000000e+00
    outer loop
      vertex   -8.000000e+00 -8.000000e+00 2.000000e+00
      vertex   -8.000000e+00 -8.053034e+00 2.197989e+00
      vertex   -8.000000e+00 -8.077840e+00 2.099141e+00
    endloop
  endfacet
  facet normal 1.000000e+00 0.000000e+00 0.000000e+00
    outer loop
      vertex   -8.000000e+00 -8.077840e+00 2.099141e+00
      vertex   -8.000000e+00 -8.101502e+00 2.000000e+00
      vertex   -8.000000e+00 -8.000000e+00 2.000000e+00
    endloop
  endfacet
  facet normal 0.000000e+00 0.000000e+00 -1.000000e+00
    outer loop
      vertex   -8.000000e+00 -8.101502e+00 2.000000e+00
      vertex   -8.050911e+00 -8.050911e+00 2.000000e+00
      vertex   -8.000000e+00 -8.000000e+00 2.000000e+00
    endloop
  endfacet
  facet normal -0.000000e+00 0.000000e+00 -1.000000e+00
    outer loop
      vertex   -8.000000e+00 -8.000000e+00 2.000000e+00
      vertex   -8.050911e+00 -8.050911e+00 2.000000e+00
      vertex   -8.101502e+00 -8.000000e+00 2.000000e+00
    endloop
  endfacet
  facet normal 0.000000e+00 1.000000e+00 0.000000e+00
    outer loop
      vertex   -8.101502e+00 -8.000000e+00 2.000000e+00
      vertex   -8.077840e+00 -8.000000e+00 2.099141e+00
      vertex   -8.000000e+00 -8.000000e+00 2.000000e+00
    endloop
  endfacet
  facet normal -8.672305e-15 1.000000e+00 -6.808988e-15
    outer loop
      vertex   -8.000000e+00 -8.000000e+00 2.000000e+00
      vertex   -8.077840e+00 -8.000000e+00 2.099141e+00
      vertex   -8.053034e+00 -8.000000e+00 2.197989e+00
    endloop
  endfacet
  facet normal 2.541375e-14 1.000000e+00 2.321379e-15
    outer loop
      vertex   -8.000000e+00 -8.000000e+00 2.000000e+00
      vertex   -8.053034e+00 -8.000000e+00 2.197989e+00
      vertex   -8.027086e+00 -8.000000e+00 2.296533e+00
    endloop
  endfacet
  facet normal -0.000000e+00 1.000000e+00 0.000000e+00
    outer loop
      vertex   -8.027086e+00 -8.000000e+00 2.296533e+00
      vertex   -8.000000e+00 -8.000000e+00 2.394762e+00
      vertex   -8.000000e+00 -8.000000e+00 2.000000e+00
    endloop
  endfacet
endsolid
